[ 33 29 -15 -11 8 -11 -54 -10 -16 96 34 -88 46 60 -87 -73 80 -86 6 -41 1 -69 -24 -2 -36 -78 88 -10 62 -82 -79 -24 -64 -95 -20 -91 28 75 38 51 -44 73 -23 93 61 -24 78 52 -54 98 -79 37 69 -25 -77 -33 -99 -98 0 58 -98 50 88 -16 10 -31 99 43 -9 -5 -19 98 -21 -33 -19 -6 1 -18 -51 12 -3 73 86 -65 80 -31 -39 -33 59 88 34 24 -9 -37 12 -70 -65 -27 85 -10 ]
[ 51 -42 -37 59 -53 31 38 88 98 56 64 -41 -98 -9 4 -7 69 59 -86 -50 -66 96 -10 39 -12 79 15 -99 -93 -21 -25 -35 96 -85 25 -89 -52 81 -18 -22 -92 77 -54 -57 -41 -88 -69 -50 -20 34 -21 -31 92 3 36 48 19 -83 30 -8 11 71 83 -98 77 -56 -39 4 -26 87 59 30 -9 38 7 39 -98 93 -8 -13 -68 -99 36 48 -26 -47 -56 59 -84 2 -11 -41 -23 88 83 9 -39 79 -21 -29 ]
[ -68 35 36 -40 77 -46 92 -32 -73 -70 -51 52 -64 36 -14 34 -44 -97 22 -91 -74 -67 56 1 -26 -4 53 78 71 -44 -67 97 92 6 -19 48 -90 89 61 25 15 21 -16 81 25 3 -68 87 65 98 62 83 35 -36 -100 -29 -25 -71 -64 19 -38 70 -42 -5 -21 -40 -41 -33 -57 -62 -48 -72 62 -83 -26 -70 56 92 -73 91 61 41 17 18 91 -68 75 -12 83 -44 72 -64 99 96 -10 6 -20 -91 81 -19 ]
[ -42 4 -76 -37 -81 -88 -2 91 -99 -60 57 72 -76 -36 -64 -68 12 -2 1 86 -90 73 -4 71 31 -1 19 87 98 17 28 67 50 -60 -55 22 -95 26 19 99 82 -68 40 -21 80 73 2 62 -3 39 40 -51 85 -100 4 -24 -52 -7 44 -64 14 54 -85 24 -10 -87 21 49 -54 -100 -26 8 -49 -25 -73 88 72 74 -20 10 -70 49 97 80 59 73 96 36 -51 -18 8 26 11 -40 77 -55 -97 -83 26 -28 ]
[ -2 -10 45 72 -78 -7 -100 62 -24 -38 -25 35 -50 -71 83 -80 90 68 83 -24 -32 -88 5 -16 -49 33 27 6 84 40 30 52 -39 62 -3 -59 44 55 33 -70 -36 -70 81 26 52 -36 -41 46 1 84 -44 93 -76 15 4 -11 83 -11 75 -59 -33 99 85 -56 -6 -83 -88 -29 -85 -42 93 -78 -47 -47 59 82 -72 -30 -67 51 7 -97 -4 93 -64 43 -9 31 -48 -92 61 9 -40 17 -76 10 -81 10 -42 99 ]
[ 61 -3 -64 52 12 20 56 72 99 46 -10 -71 67 42 97 90 0 21 42 -57 75 -35 30 -76 -51 87 38 -64 73 -62 61 31 43 33 -58 -71 32 67 -2 -26 75 -57 -62 -33 -6 -77 63 72 -31 -43 -85 79 81 -8 80 -38 50 31 31 47 13 62 51 -93 64 9 -18 60 -69 14 -31 -14 55 89 88 -61 82 81 -24 -28 -82 86 42 44 32 10 -53 27 15 -34 8 -42 -95 61 21 -20 -32 -63 -81 -73 ]
[ 22 33 90 30 12 -47 -27 -39 -46 -76 38 -3 -100 91 -98 82 36 -93 25 -7 20 36 93 43 -16 10 -30 -83 84 72 -22 -53 89 -50 86 14 -60 -20 59 -83 15 -10 -86 60 24 -75 -81 73 -24 -47 70 27 74 -89 35 73 -47 -87 -66 -34 -76 85 86 79 68 -98 -26 -86 14 -3 77 79 95 -38 -17 94 83 2 -65 16 -38 -62 -86 54 86 -20 34 -72 -13 -46 48 35 27 -84 31 -40 -5 4 96 -27 ]
[ -88 62 -61 50 -81 -31 95 77 -36 80 78 -45 62 74 -39 -63 -14 85 15 36 52 -39 82 -80 -43 51 -4 -52 -74 -35 -1 -90 71 19 49 23 88 -47 -56 -53 -83 -76 -83 53 37 -79 40 -73 2 -14 10 5 31 99 54 59 47 -20 -42 3 -32 36 74 53 -64 -98 45 61 -35 54 -13 7 46 41 67 -26 16 -17 -78 -19 -56 -100 73 98 -69 69 9 -84 -99 -29 75 -95 8 23 18 -9 59 -76 82 -35 ]
[ -29 80 70 -97 -70 78 78 -12 -7 11 -98 25 -48 -5 -59 58 -69 34 40 -68 17 -62 -48 -70 64 18 -72 -18 -39 -46 -34 -77 -15 57 -23 -66 65 46 81 -15 75 -4 -58 -64 -79 -65 -92 14 2 -70 57 -44 93 -60 32 -94 -21 45 56 -88 -45 19 71 -12 47 57 19 -98 -96 86 -72 18 39 -26 -29 9 36 -45 -72 81 -80 -19 40 16 10 26 -84 30 64 92 12 83 12 -22 26 92 75 -42 -91 80 ]
[ 63 95 96 7 -8 35 39 75 -40 88 -73 16 -73 -88 -58 -36 95 -1 -21 -100 -24 -62 48 -12 68 -39 -99 -10 52 -53 42 58 67 -28 39 -28 99 -24 -3 -20 -18 84 -5 81 -50 -32 -38 35 49 -96 -73 96 92 0 43 17 -8 -13 27 -22 -62 62 -92 57 42 -39 -73 44 43 30 93 -6 -11 -75 52 21 29 -85 25 -18 -76 -12 25 -61 -33 -100 -61 71 92 39 -31 97 -51 17 10 -41 90 -9 -89 -26 ]
